6301200010 360
3307100000 122
9102110000 18
3922100000 343
3306200000 290
2005100000 56
1901101000 12
4202320000 141
2008609000 250
8525803300 178
9102290090 281
8516719000 247
3824909990 97
3301299999 70
7113119090 131
7323930000 40
3923300000 157
9619009000 227
1806310000 29
3307200000 189
7323910000 209
3403990000 147
8516293100 369
6212201000 244
4202310090 13
6204630022 300
5603921090 333
6302329020 248
1509100000 98
2936270090 203
6217101000 171
2106903090 63
6109909060 78
8211100000 274
1211201000 316
8214900010 160
9617009000 83
3922900000 349
1806900000 32
8516320000 34
6212109020 85
8516711000 406
2009892000 372
9616100000 275
7013990000 394
9617001910 76
2009190000 391
2003101900 293
3213100000 390
3926909090 20
6109909040 137
2106909090 2
3405400000 215
1212991900 322
4818900000 357
6105100099 260
9032100000 407
1806100000 42
3923210000 296
6403990090 23
2008993100 41
1704100000 217
3306900000 139
1701999090 297
3924100000 113
3307490000 45
2103100000 376
2009410000 205
9619001090 361
1104299000 383
6111300090 136
6403190090 77
3307300000 6
1702600000 230
9404909000 25
9401809091 91
3808911900 37
3004500000 355
2002101000 194
6108310000 243
9401809099 156
3402209000 14
8205510000 413
9608999000 345
3402900090 134
8713100000 269
1211909999 378
2008119000 172
2009901000 89
9102120000 84
1901200000 396
2009909000 212
6204430010 270
3808940090 409
4202129000 49
3304990010 15
2106905090 265
8508110000 221
6108110000 100
1702900010 180
6103310000 116
2009891500 294
6110110079 95
1602501090 232
6103330090 144
2836500000 266
7117900000 62
1515909090 169
1211209900 403
4818300000 87
7116200000 86
6403511190 198
6404199000 19
3304300000 59
6108910010 93
8509900000 351
1211901500 408
1513110000 125
4016109000 218
9603909020 313
7010903000 117
7323920000 320
1904100000 9
6402910000 241
4202920000 206
1901900000 92
2103200000 193
6505009900 231
9025110000 229
1302199099 356
1515300000 283
8516722000 319
6110300057 335
6302910020 414
1902190000 58
1902303000 135
2101120000 65
2835260000 258
1805000000 256
6110110099 324
1902110000 301
2914691000 127
9615110000 39
3926209000 52
2501001100 398
8516791000 411
2936900000 57
3005901000 382
9025800000 315
7323990000 298
5601210090 253
8423100000 280
9025900090 380
4014900000 140
3307900000 105
1512110000 321
9617001990 186
2001100000 289
8419909000 121
6111200010 299
2008999000 50
2009810000 107
6402992900 101
6403590090 22
8516604000 216
1506000090 276
9608309000 174
8421991000 111
1404909000 249
3203001990 318
1006309090 254
8516799000 130
9025199001 222
8210000000 225
3401191000 317
6302999090 177
6204420000 181
2008112000 334
6403911990 173
2209000000 239
7615109090 191
9401209000 152
8421999000 201
4014100000 104
2008500000 285
2008111000 359
8510300000 150
6114300013 24
9615900000 124
9619001000 16
9603290090 71
8509401000 392
3004909099 210
7318159090 304
4203301090 7
6111200040 374
4202119090 325
3406000090 110
9619001010 69
2202100090 132
8516500000 348
8516909000 339
1702900090 163
6117809000 387
9506990000 223
4303900090 362
9616200000 182
9603210000 33
6111200050 73
3923500000 330
8421391000 167
9102190000 338
5601229090 272
1806320000 64
9603909090 292
6204430090 36
3304990099 66
2008930000 74
3926400000 286
1513190000 340
8516310000 287
1520000000 412
8509809000 109
8438100090 255
8214200000 337
3005109000 67
6302930090 332
2009891900 199
8479899990 358
3305300000 106
3305100090 28
9619002000 47
6115950019 44
2008199990 4
6115220000 219
6205200099 188
8212100000 308
4016999090 237
9401790000 344
7009920000 291
9404901090 268
6103320000 161
1511100000 366
3306109000 252
6111200090 200
2101200000 149
8516712000 381
6302601090 263
9603509190 353
2103909000 17
2201909000 195
6307900090 154
1704900000 81
4202210090 10
9102210090 347
6403911190 129
2005999990 159
7013370000 352
8516609000 245
1517909090 402
6115210000 166
1515190000 303
9025199090 90
9503006000 368
6203429062 311
8421211000 94
6602000090 326
1905310000 1
3405300000 184
1902200000 273
2009210000 133
3924900000 112
1905320000 185
2005400000 401
8712008110 371
8211920000 164
9503001000 126
3304100090 27
2009610000 346
2009120000 271
9608302000 99
9403200000 213
6217109030 251
2006009090 192
8413810090 284
3304910001 224
3004905990 197
1504200000 204
9605000000 364
9401690090 389
3402201000 176
6103420090 277
6217109020 342
6601910000 236
3919109900 379
1702300000 400
6212101000 31
1904900000 240
1504100090 68
6403511990 246
8414519900 367
1602509090 190
6213209000 410
6108220090 120
6115299000 196
8208300000 373
2007910000 108
2936280000 128
2936909000 79
8715000000 102
6102100010 279
2106909001 235
3304910090 21
3303000000 151
4205009090 170
3502200000 75
8413200000 377
6102300011 288
2923900090 405
2002901100 306
3301296000 329
6406909200 228
6307900030 148
2005700000 309
6404190000 328
9404290000 175
7326909000 312
9503002100 55
6103390010 307
2932999099 278
8516603000 282
9503005000 305
1509900000 323
8443311090 259
2007999000 88
1905900000 11
1602100090 370
8543709990 142
3401110000 54
6911102100 375
8510100000 187
6302601010 226
9013809000 397
9503008900 336
2936270030 384
3304200090 30
2008113000 242
2006002000 388
2936290090 238
8509409000 48
2104100000 262
6203320090 118
6101300019 363
8213000000 354
2007991000 145
3005909000 119
9615190020 233
4823909000 202
2101110000 264
3923100000 123
9019101000 168
4819400000 395
9403700000 295
6214100010 314
2009710000 153
3402130090 96
4818200000 211
2206009000 327
1902309000 138
1901109000 26
9004100000 60
6403919990 310
2005999100 207
3305900000 3
7013490000 208
3301309090 350
1905400000 103
7117190000 82
3923290000 162
7013420000 179
3920430090 267
3919909000 393
3006700000 302
3306101090 46
2104200000 183
6108920010 80
3401199000 114
1515500000 385
8516102000 331
2201101000 165
2007100000 61
6307100000 399
4203100090 257
8523511000 365
1504200090 5
6403919190 8
6115960014 155
2923200000 220
3401300000 43
9608100000 158
9617001900 404
6110200099 143
6115960019 72
1504100000 341
8510200000 261
8215200000 214
6405200090 115
1904200000 38
2202900099 51
1702200000 386
4202220000 35
6109100021 146
9405200090 53
3215901000 234
